22*10*2002
a <- 2
b <- 10
a+b
